,$p_{ij}$,test,power
0,0.001,t-test,0.001
1,0.01108080808080808,t-test,0.002
2,0.021161616161616163,t-test,0.002
3,0.031242424242424245,t-test,0.008
4,0.041323232323232324,t-test,0.004
5,0.0514040404040404,t-test,0.009
6,0.06148484848484849,t-test,0.012
7,0.07156565656565657,t-test,0.012
8,0.08164646464646465,t-test,0.017
9,0.09172727272727273,t-test,0.014
10,0.1018080808080808,t-test,0.019
11,0.11188888888888888,t-test,0.019
12,0.12196969696969698,t-test,0.033
13,0.13205050505050506,t-test,0.043
14,0.14213131313131314,t-test,0.025
15,0.15221212121212122,t-test,0.035
16,0.1622929292929293,t-test,0.031
17,0.17237373737373737,t-test,0.033
18,0.18245454545454545,t-test,0.027
19,0.19253535353535353,t-test,0.036
20,0.2026161616161616,t-test,0.037
21,0.2126969696969697,t-test,0.045
22,0.22277777777777777,t-test,0.043
23,0.23285858585858585,t-test,0.031
24,0.24293939393939395,t-test,0.04
25,0.25302020202020203,t-test,0.047
26,0.2631010101010101,t-test,0.035
27,0.2731818181818182,t-test,0.042
28,0.28326262626262627,t-test,0.059
29,0.29334343434343435,t-test,0.032
30,0.30342424242424243,t-test,0.037
31,0.3135050505050505,t-test,0.036
32,0.3235858585858586,t-test,0.053
33,0.33366666666666667,t-test,0.04
34,0.34374747474747475,t-test,0.045
35,0.3538282828282828,t-test,0.047
36,0.3639090909090909,t-test,0.062
37,0.373989898989899,t-test,0.039
38,0.38407070707070706,t-test,0.052
39,0.39415151515151514,t-test,0.057
40,0.4042323232323232,t-test,0.059
41,0.4143131313131313,t-test,0.054
42,0.4243939393939394,t-test,0.043
43,0.43447474747474746,t-test,0.05
44,0.44455555555555554,t-test,0.053
45,0.4546363636363636,t-test,0.048
46,0.4647171717171717,t-test,0.046
47,0.4747979797979798,t-test,0.047
48,0.4848787878787879,t-test,0.039
49,0.494959595959596,t-test,0.044
50,0.5050404040404041,t-test,0.05
51,0.5151212121212121,t-test,0.044
52,0.5252020202020202,t-test,0.049
53,0.5352828282828282,t-test,0.051
54,0.5453636363636364,t-test,0.048
55,0.5554444444444444,t-test,0.051
56,0.5655252525252525,t-test,0.056
57,0.5756060606060606,t-test,0.049
58,0.5856868686868687,t-test,0.049
59,0.5957676767676767,t-test,0.037
60,0.6058484848484849,t-test,0.043
61,0.6159292929292929,t-test,0.052
62,0.626010101010101,t-test,0.046
63,0.636090909090909,t-test,0.047
64,0.6461717171717172,t-test,0.041
65,0.6562525252525253,t-test,0.037
66,0.6663333333333333,t-test,0.044
67,0.6764141414141415,t-test,0.042
68,0.6864949494949495,t-test,0.036
69,0.6965757575757576,t-test,0.033
70,0.7066565656565656,t-test,0.04
71,0.7167373737373738,t-test,0.039
72,0.7268181818181818,t-test,0.053
73,0.7368989898989899,t-test,0.054
74,0.746979797979798,t-test,0.043
75,0.7570606060606061,t-test,0.041
76,0.7671414141414141,t-test,0.046
77,0.7772222222222223,t-test,0.034
78,0.7873030303030303,t-test,0.046
79,0.7973838383838384,t-test,0.037
80,0.8074646464646464,t-test,0.037
81,0.8175454545454546,t-test,0.038
82,0.8276262626262626,t-test,0.038
83,0.8377070707070707,t-test,0.04
84,0.8477878787878788,t-test,0.027
85,0.8578686868686869,t-test,0.031
86,0.8679494949494949,t-test,0.034
87,0.878030303030303,t-test,0.025
88,0.8881111111111111,t-test,0.027
89,0.8981919191919192,t-test,0.015
90,0.9082727272727272,t-test,0.016
91,0.9183535353535354,t-test,0.014
92,0.9284343434343434,t-test,0.013
93,0.9385151515151515,t-test,0.01
94,0.9485959595959595,t-test,0.006
95,0.9586767676767677,t-test,0.006
96,0.9687575757575758,t-test,0.005
97,0.9788383838383838,t-test,0.008
98,0.988919191919192,t-test,0.005
99,0.999,t-test,0.0
100,0.001,mann-whitney,0.007
101,0.01108080808080808,mann-whitney,0.023
102,0.021161616161616163,mann-whitney,0.026
103,0.031242424242424245,mann-whitney,0.031
104,0.041323232323232324,mann-whitney,0.038
105,0.0514040404040404,mann-whitney,0.048
106,0.06148484848484849,mann-whitney,0.06
107,0.07156565656565657,mann-whitney,0.067
108,0.08164646464646465,mann-whitney,0.085
109,0.09172727272727273,mann-whitney,0.082
110,0.1018080808080808,mann-whitney,0.068
111,0.11188888888888888,mann-whitney,0.08
112,0.12196969696969698,mann-whitney,0.096
113,0.13205050505050506,mann-whitney,0.109
114,0.14213131313131314,mann-whitney,0.09
115,0.15221212121212122,mann-whitney,0.104
116,0.1622929292929293,mann-whitney,0.099
117,0.17237373737373737,mann-whitney,0.093
118,0.18245454545454545,mann-whitney,0.09
119,0.19253535353535353,mann-whitney,0.107
120,0.2026161616161616,mann-whitney,0.099
121,0.2126969696969697,mann-whitney,0.11
122,0.22277777777777777,mann-whitney,0.114
123,0.23285858585858585,mann-whitney,0.105
124,0.24293939393939395,mann-whitney,0.112
125,0.25302020202020203,mann-whitney,0.111
126,0.2631010101010101,mann-whitney,0.108
127,0.2731818181818182,mann-whitney,0.107
128,0.28326262626262627,mann-whitney,0.12
129,0.29334343434343435,mann-whitney,0.1
130,0.30342424242424243,mann-whitney,0.103
131,0.3135050505050505,mann-whitney,0.111
132,0.3235858585858586,mann-whitney,0.131
133,0.33366666666666667,mann-whitney,0.109
134,0.34374747474747475,mann-whitney,0.112
135,0.3538282828282828,mann-whitney,0.133
136,0.3639090909090909,mann-whitney,0.147
137,0.373989898989899,mann-whitney,0.114
138,0.38407070707070706,mann-whitney,0.116
139,0.39415151515151514,mann-whitney,0.12
140,0.4042323232323232,mann-whitney,0.122
141,0.4143131313131313,mann-whitney,0.135
142,0.4243939393939394,mann-whitney,0.101
143,0.43447474747474746,mann-whitney,0.129
144,0.44455555555555554,mann-whitney,0.128
145,0.4546363636363636,mann-whitney,0.129
146,0.4647171717171717,mann-whitney,0.129
147,0.4747979797979798,mann-whitney,0.125
148,0.4848787878787879,mann-whitney,0.126
149,0.494959595959596,mann-whitney,0.123
150,0.5050404040404041,mann-whitney,0.118
151,0.5151212121212121,mann-whitney,0.12
152,0.5252020202020202,mann-whitney,0.141
153,0.5352828282828282,mann-whitney,0.128
154,0.5453636363636364,mann-whitney,0.132
155,0.5554444444444444,mann-whitney,0.129
156,0.5655252525252525,mann-whitney,0.145
157,0.5756060606060606,mann-whitney,0.123
158,0.5856868686868687,mann-whitney,0.127
159,0.5957676767676767,mann-whitney,0.122
160,0.6058484848484849,mann-whitney,0.114
161,0.6159292929292929,mann-whitney,0.121
162,0.626010101010101,mann-whitney,0.109
163,0.636090909090909,mann-whitney,0.118
164,0.6461717171717172,mann-whitney,0.124
165,0.6562525252525253,mann-whitney,0.119
166,0.6663333333333333,mann-whitney,0.125
167,0.6764141414141415,mann-whitney,0.105
168,0.6864949494949495,mann-whitney,0.116
169,0.6965757575757576,mann-whitney,0.107
170,0.7066565656565656,mann-whitney,0.104
171,0.7167373737373738,mann-whitney,0.114
172,0.7268181818181818,mann-whitney,0.125
173,0.7368989898989899,mann-whitney,0.123
174,0.746979797979798,mann-whitney,0.117
175,0.7570606060606061,mann-whitney,0.098
176,0.7671414141414141,mann-whitney,0.121
177,0.7772222222222223,mann-whitney,0.108
178,0.7873030303030303,mann-whitney,0.115
179,0.7973838383838384,mann-whitney,0.1
180,0.8074646464646464,mann-whitney,0.094
181,0.8175454545454546,mann-whitney,0.1
182,0.8276262626262626,mann-whitney,0.108
183,0.8377070707070707,mann-whitney,0.106
184,0.8477878787878788,mann-whitney,0.09
185,0.8578686868686869,mann-whitney,0.097
186,0.8679494949494949,mann-whitney,0.098
187,0.878030303030303,mann-whitney,0.082
188,0.8881111111111111,mann-whitney,0.089
189,0.8981919191919192,mann-whitney,0.078
190,0.9082727272727272,mann-whitney,0.082
191,0.9183535353535354,mann-whitney,0.072
192,0.9284343434343434,mann-whitney,0.056
193,0.9385151515151515,mann-whitney,0.057
194,0.9485959595959595,mann-whitney,0.035
195,0.9586767676767677,mann-whitney,0.041
196,0.9687575757575758,mann-whitney,0.03
197,0.9788383838383838,mann-whitney,0.034
198,0.988919191919192,mann-whitney,0.026
199,0.999,mann-whitney,0.009
200,0.001,fisher,0.0
201,0.01108080808080808,fisher,0.0
202,0.021161616161616163,fisher,0.0
203,0.031242424242424245,fisher,0.0
204,0.041323232323232324,fisher,0.001
205,0.0514040404040404,fisher,0.001
206,0.06148484848484849,fisher,0.002
207,0.07156565656565657,fisher,0.003
208,0.08164646464646465,fisher,0.0
209,0.09172727272727273,fisher,0.002
210,0.1018080808080808,fisher,0.003
211,0.11188888888888888,fisher,0.003
212,0.12196969696969698,fisher,0.008
213,0.13205050505050506,fisher,0.008
214,0.14213131313131314,fisher,0.005
215,0.15221212121212122,fisher,0.014
216,0.1622929292929293,fisher,0.01
217,0.17237373737373737,fisher,0.009
218,0.18245454545454545,fisher,0.01
219,0.19253535353535353,fisher,0.014
220,0.2026161616161616,fisher,0.013
221,0.2126969696969697,fisher,0.013
222,0.22277777777777777,fisher,0.017
223,0.23285858585858585,fisher,0.009
224,0.24293939393939395,fisher,0.015
225,0.25302020202020203,fisher,0.018
226,0.2631010101010101,fisher,0.009
227,0.2731818181818182,fisher,0.015
228,0.28326262626262627,fisher,0.019
229,0.29334343434343435,fisher,0.011
230,0.30342424242424243,fisher,0.013
231,0.3135050505050505,fisher,0.017
232,0.3235858585858586,fisher,0.017
233,0.33366666666666667,fisher,0.012
234,0.34374747474747475,fisher,0.013
235,0.3538282828282828,fisher,0.021
236,0.3639090909090909,fisher,0.02
237,0.373989898989899,fisher,0.008
238,0.38407070707070706,fisher,0.013
239,0.39415151515151514,fisher,0.013
240,0.4042323232323232,fisher,0.021
241,0.4143131313131313,fisher,0.012
242,0.4243939393939394,fisher,0.016
243,0.43447474747474746,fisher,0.021
244,0.44455555555555554,fisher,0.012
245,0.4546363636363636,fisher,0.015
246,0.4647171717171717,fisher,0.015
247,0.4747979797979798,fisher,0.016
248,0.4848787878787879,fisher,0.013
249,0.494959595959596,fisher,0.016
250,0.5050404040404041,fisher,0.019
251,0.5151212121212121,fisher,0.018
252,0.5252020202020202,fisher,0.015
253,0.5352828282828282,fisher,0.019
254,0.5453636363636364,fisher,0.019
255,0.5554444444444444,fisher,0.019
256,0.5655252525252525,fisher,0.02
257,0.5756060606060606,fisher,0.015
258,0.5856868686868687,fisher,0.018
259,0.5957676767676767,fisher,0.014
260,0.6058484848484849,fisher,0.016
261,0.6159292929292929,fisher,0.014
262,0.626010101010101,fisher,0.014
263,0.636090909090909,fisher,0.02
264,0.6461717171717172,fisher,0.014
265,0.6562525252525253,fisher,0.011
266,0.6663333333333333,fisher,0.008
267,0.6764141414141415,fisher,0.014
268,0.6864949494949495,fisher,0.011
269,0.6965757575757576,fisher,0.012
270,0.7066565656565656,fisher,0.013
271,0.7167373737373738,fisher,0.016
272,0.7268181818181818,fisher,0.022
273,0.7368989898989899,fisher,0.014
274,0.746979797979798,fisher,0.012
275,0.7570606060606061,fisher,0.014
276,0.7671414141414141,fisher,0.016
277,0.7772222222222223,fisher,0.011
278,0.7873030303030303,fisher,0.009
279,0.7973838383838384,fisher,0.01
280,0.8074646464646464,fisher,0.007
281,0.8175454545454546,fisher,0.008
282,0.8276262626262626,fisher,0.01
283,0.8377070707070707,fisher,0.013
284,0.8477878787878788,fisher,0.005
285,0.8578686868686869,fisher,0.006
286,0.8679494949494949,fisher,0.007
287,0.878030303030303,fisher,0.006
288,0.8881111111111111,fisher,0.002
289,0.8981919191919192,fisher,0.002
290,0.9082727272727272,fisher,0.004
291,0.9183535353535354,fisher,0.002
292,0.9284343434343434,fisher,0.003
293,0.9385151515151515,fisher,0.002
294,0.9485959595959595,fisher,0.0
295,0.9586767676767677,fisher,0.0
296,0.9687575757575758,fisher,0.001
297,0.9788383838383838,fisher,0.0
298,0.988919191919192,fisher,0.001
299,0.999,fisher,0.0
