,$p_{ij}$,test,power
0,0.001,t-test,0.683
1,0.01108080808080808,t-test,0.465
2,0.021161616161616163,t-test,0.362
3,0.031242424242424245,t-test,0.325
4,0.041323232323232324,t-test,0.281
5,0.0514040404040404,t-test,0.29
6,0.06148484848484849,t-test,0.234
7,0.07156565656565657,t-test,0.26
8,0.08164646464646465,t-test,0.2
9,0.09172727272727273,t-test,0.194
10,0.1018080808080808,t-test,0.178
11,0.11188888888888888,t-test,0.198
12,0.12196969696969698,t-test,0.153
13,0.13205050505050506,t-test,0.172
14,0.14213131313131314,t-test,0.13
15,0.15221212121212122,t-test,0.143
16,0.1622929292929293,t-test,0.145
17,0.17237373737373737,t-test,0.131
18,0.18245454545454545,t-test,0.12
19,0.19253535353535353,t-test,0.145
20,0.2026161616161616,t-test,0.125
21,0.2126969696969697,t-test,0.137
22,0.22277777777777777,t-test,0.139
23,0.23285858585858585,t-test,0.135
24,0.24293939393939395,t-test,0.13
25,0.25302020202020203,t-test,0.137
26,0.2631010101010101,t-test,0.129
27,0.2731818181818182,t-test,0.124
28,0.28326262626262627,t-test,0.109
29,0.29334343434343435,t-test,0.118
30,0.30342424242424243,t-test,0.121
31,0.3135050505050505,t-test,0.122
32,0.3235858585858586,t-test,0.123
33,0.33366666666666667,t-test,0.097
34,0.34374747474747475,t-test,0.1
35,0.3538282828282828,t-test,0.128
36,0.3639090909090909,t-test,0.12
37,0.373989898989899,t-test,0.111
38,0.38407070707070706,t-test,0.115
39,0.39415151515151514,t-test,0.106
40,0.4042323232323232,t-test,0.099
41,0.4143131313131313,t-test,0.098
42,0.4243939393939394,t-test,0.112
43,0.43447474747474746,t-test,0.11
44,0.44455555555555554,t-test,0.116
45,0.4546363636363636,t-test,0.114
46,0.4647171717171717,t-test,0.14
47,0.4747979797979798,t-test,0.116
48,0.4848787878787879,t-test,0.118
49,0.494959595959596,t-test,0.134
50,0.5050404040404041,t-test,0.112
51,0.5151212121212121,t-test,0.12
52,0.5252020202020202,t-test,0.135
53,0.5352828282828282,t-test,0.108
54,0.5453636363636364,t-test,0.122
55,0.5554444444444444,t-test,0.121
56,0.5655252525252525,t-test,0.11
57,0.5756060606060606,t-test,0.131
58,0.5856868686868687,t-test,0.103
59,0.5957676767676767,t-test,0.121
60,0.6058484848484849,t-test,0.113
61,0.6159292929292929,t-test,0.1
62,0.626010101010101,t-test,0.096
63,0.636090909090909,t-test,0.125
64,0.6461717171717172,t-test,0.113
65,0.6562525252525253,t-test,0.104
66,0.6663333333333333,t-test,0.115
67,0.6764141414141415,t-test,0.098
68,0.6864949494949495,t-test,0.112
69,0.6965757575757576,t-test,0.099
70,0.7066565656565656,t-test,0.113
71,0.7167373737373738,t-test,0.118
72,0.7268181818181818,t-test,0.134
73,0.7368989898989899,t-test,0.115
74,0.746979797979798,t-test,0.132
75,0.7570606060606061,t-test,0.127
76,0.7671414141414141,t-test,0.131
77,0.7772222222222223,t-test,0.135
78,0.7873030303030303,t-test,0.132
79,0.7973838383838384,t-test,0.137
80,0.8074646464646464,t-test,0.138
81,0.8175454545454546,t-test,0.137
82,0.8276262626262626,t-test,0.15
83,0.8377070707070707,t-test,0.146
84,0.8477878787878788,t-test,0.178
85,0.8578686868686869,t-test,0.153
86,0.8679494949494949,t-test,0.153
87,0.878030303030303,t-test,0.188
88,0.8881111111111111,t-test,0.173
89,0.8981919191919192,t-test,0.191
90,0.9082727272727272,t-test,0.19
91,0.9183535353535354,t-test,0.191
92,0.9284343434343434,t-test,0.229
93,0.9385151515151515,t-test,0.237
94,0.9485959595959595,t-test,0.252
95,0.9586767676767677,t-test,0.281
96,0.9687575757575758,t-test,0.331
97,0.9788383838383838,t-test,0.386
98,0.988919191919192,t-test,0.469
99,0.999,t-test,0.699
100,0.001,wilcoxon,0.685
101,0.01108080808080808,wilcoxon,0.474
102,0.021161616161616163,wilcoxon,0.361
103,0.031242424242424245,wilcoxon,0.31
104,0.041323232323232324,wilcoxon,0.264
105,0.0514040404040404,wilcoxon,0.28
106,0.06148484848484849,wilcoxon,0.219
107,0.07156565656565657,wilcoxon,0.25
108,0.08164646464646465,wilcoxon,0.204
109,0.09172727272727273,wilcoxon,0.193
110,0.1018080808080808,wilcoxon,0.187
111,0.11188888888888888,wilcoxon,0.195
112,0.12196969696969698,wilcoxon,0.157
113,0.13205050505050506,wilcoxon,0.169
114,0.14213131313131314,wilcoxon,0.13
115,0.15221212121212122,wilcoxon,0.144
116,0.1622929292929293,wilcoxon,0.153
117,0.17237373737373737,wilcoxon,0.13
118,0.18245454545454545,wilcoxon,0.125
119,0.19253535353535353,wilcoxon,0.139
120,0.2026161616161616,wilcoxon,0.126
121,0.2126969696969697,wilcoxon,0.133
122,0.22277777777777777,wilcoxon,0.134
123,0.23285858585858585,wilcoxon,0.135
124,0.24293939393939395,wilcoxon,0.125
125,0.25302020202020203,wilcoxon,0.13
126,0.2631010101010101,wilcoxon,0.126
127,0.2731818181818182,wilcoxon,0.131
128,0.28326262626262627,wilcoxon,0.112
129,0.29334343434343435,wilcoxon,0.121
130,0.30342424242424243,wilcoxon,0.116
131,0.3135050505050505,wilcoxon,0.126
132,0.3235858585858586,wilcoxon,0.124
133,0.33366666666666667,wilcoxon,0.098
134,0.34374747474747475,wilcoxon,0.102
135,0.3538282828282828,wilcoxon,0.126
136,0.3639090909090909,wilcoxon,0.114
137,0.373989898989899,wilcoxon,0.107
138,0.38407070707070706,wilcoxon,0.11
139,0.39415151515151514,wilcoxon,0.1
140,0.4042323232323232,wilcoxon,0.094
141,0.4143131313131313,wilcoxon,0.097
142,0.4243939393939394,wilcoxon,0.1
143,0.43447474747474746,wilcoxon,0.1
144,0.44455555555555554,wilcoxon,0.108
145,0.4546363636363636,wilcoxon,0.105
146,0.4647171717171717,wilcoxon,0.121
147,0.4747979797979798,wilcoxon,0.107
148,0.4848787878787879,wilcoxon,0.103
149,0.494959595959596,wilcoxon,0.12
150,0.5050404040404041,wilcoxon,0.102
151,0.5151212121212121,wilcoxon,0.108
152,0.5252020202020202,wilcoxon,0.117
153,0.5352828282828282,wilcoxon,0.101
154,0.5453636363636364,wilcoxon,0.105
155,0.5554444444444444,wilcoxon,0.105
156,0.5655252525252525,wilcoxon,0.101
157,0.5756060606060606,wilcoxon,0.122
158,0.5856868686868687,wilcoxon,0.098
159,0.5957676767676767,wilcoxon,0.112
160,0.6058484848484849,wilcoxon,0.109
161,0.6159292929292929,wilcoxon,0.092
162,0.626010101010101,wilcoxon,0.09
163,0.636090909090909,wilcoxon,0.122
164,0.6461717171717172,wilcoxon,0.111
165,0.6562525252525253,wilcoxon,0.102
166,0.6663333333333333,wilcoxon,0.118
167,0.6764141414141415,wilcoxon,0.099
168,0.6864949494949495,wilcoxon,0.12
169,0.6965757575757576,wilcoxon,0.097
170,0.7066565656565656,wilcoxon,0.114
171,0.7167373737373738,wilcoxon,0.125
172,0.7268181818181818,wilcoxon,0.131
173,0.7368989898989899,wilcoxon,0.117
174,0.746979797979798,wilcoxon,0.13
175,0.7570606060606061,wilcoxon,0.124
176,0.7671414141414141,wilcoxon,0.127
177,0.7772222222222223,wilcoxon,0.133
178,0.7873030303030303,wilcoxon,0.134
179,0.7973838383838384,wilcoxon,0.137
180,0.8074646464646464,wilcoxon,0.134
181,0.8175454545454546,wilcoxon,0.143
182,0.8276262626262626,wilcoxon,0.153
183,0.8377070707070707,wilcoxon,0.141
184,0.8477878787878788,wilcoxon,0.175
185,0.8578686868686869,wilcoxon,0.152
186,0.8679494949494949,wilcoxon,0.153
187,0.878030303030303,wilcoxon,0.197
188,0.8881111111111111,wilcoxon,0.177
189,0.8981919191919192,wilcoxon,0.191
190,0.9082727272727272,wilcoxon,0.193
191,0.9183535353535354,wilcoxon,0.191
192,0.9284343434343434,wilcoxon,0.229
193,0.9385151515151515,wilcoxon,0.228
194,0.9485959595959595,wilcoxon,0.236
195,0.9586767676767677,wilcoxon,0.264
196,0.9687575757575758,wilcoxon,0.316
197,0.9788383838383838,wilcoxon,0.392
198,0.988919191919192,wilcoxon,0.483
199,0.999,wilcoxon,0.701
