,$p_{ij}$,test,power
0,0.001,t-test,0.699
1,0.01108080808080808,t-test,0.473
2,0.021161616161616163,t-test,0.368
3,0.031242424242424245,t-test,0.329
4,0.041323232323232324,t-test,0.296
5,0.0514040404040404,t-test,0.268
6,0.06148484848484849,t-test,0.264
7,0.07156565656565657,t-test,0.216
8,0.08164646464646465,t-test,0.215
9,0.09172727272727273,t-test,0.182
10,0.1018080808080808,t-test,0.187
11,0.11188888888888888,t-test,0.173
12,0.12196969696969698,t-test,0.163
13,0.13205050505050506,t-test,0.165
14,0.14213131313131314,t-test,0.172
15,0.15221212121212122,t-test,0.17
16,0.1622929292929293,t-test,0.135
17,0.17237373737373737,t-test,0.132
18,0.18245454545454545,t-test,0.136
19,0.19253535353535353,t-test,0.128
20,0.2026161616161616,t-test,0.132
21,0.2126969696969697,t-test,0.124
22,0.22277777777777777,t-test,0.139
23,0.23285858585858585,t-test,0.147
24,0.24293939393939395,t-test,0.144
25,0.25302020202020203,t-test,0.12
26,0.2631010101010101,t-test,0.113
27,0.2731818181818182,t-test,0.118
28,0.28326262626262627,t-test,0.106
29,0.29334343434343435,t-test,0.127
30,0.30342424242424243,t-test,0.106
31,0.3135050505050505,t-test,0.117
32,0.3235858585858586,t-test,0.111
33,0.33366666666666667,t-test,0.116
34,0.34374747474747475,t-test,0.119
35,0.3538282828282828,t-test,0.129
36,0.3639090909090909,t-test,0.104
37,0.373989898989899,t-test,0.113
38,0.38407070707070706,t-test,0.111
39,0.39415151515151514,t-test,0.107
40,0.4042323232323232,t-test,0.107
41,0.4143131313131313,t-test,0.116
42,0.4243939393939394,t-test,0.13
43,0.43447474747474746,t-test,0.123
44,0.44455555555555554,t-test,0.108
45,0.4546363636363636,t-test,0.112
46,0.4647171717171717,t-test,0.12
47,0.4747979797979798,t-test,0.119
48,0.4848787878787879,t-test,0.106
49,0.494959595959596,t-test,0.114
50,0.5050404040404041,t-test,0.128
51,0.5151212121212121,t-test,0.097
52,0.5252020202020202,t-test,0.126
53,0.5352828282828282,t-test,0.12
54,0.5453636363636364,t-test,0.104
55,0.5554444444444444,t-test,0.108
56,0.5655252525252525,t-test,0.112
57,0.5756060606060606,t-test,0.103
58,0.5856868686868687,t-test,0.101
59,0.5957676767676767,t-test,0.123
60,0.6058484848484849,t-test,0.11
61,0.6159292929292929,t-test,0.117
62,0.626010101010101,t-test,0.114
63,0.636090909090909,t-test,0.122
64,0.6461717171717172,t-test,0.088
65,0.6562525252525253,t-test,0.105
66,0.6663333333333333,t-test,0.114
67,0.6764141414141415,t-test,0.113
68,0.6864949494949495,t-test,0.114
69,0.6965757575757576,t-test,0.116
70,0.7066565656565656,t-test,0.118
71,0.7167373737373738,t-test,0.118
72,0.7268181818181818,t-test,0.123
73,0.7368989898989899,t-test,0.099
74,0.746979797979798,t-test,0.127
75,0.7570606060606061,t-test,0.129
76,0.7671414141414141,t-test,0.117
77,0.7772222222222223,t-test,0.123
78,0.7873030303030303,t-test,0.126
79,0.7973838383838384,t-test,0.133
80,0.8074646464646464,t-test,0.146
81,0.8175454545454546,t-test,0.134
82,0.8276262626262626,t-test,0.126
83,0.8377070707070707,t-test,0.126
84,0.8477878787878788,t-test,0.138
85,0.8578686868686869,t-test,0.147
86,0.8679494949494949,t-test,0.162
87,0.878030303030303,t-test,0.158
88,0.8881111111111111,t-test,0.177
89,0.8981919191919192,t-test,0.187
90,0.9082727272727272,t-test,0.178
91,0.9183535353535354,t-test,0.213
92,0.9284343434343434,t-test,0.225
93,0.9385151515151515,t-test,0.234
94,0.9485959595959595,t-test,0.296
95,0.9586767676767677,t-test,0.296
96,0.9687575757575758,t-test,0.324
97,0.9788383838383838,t-test,0.37
98,0.988919191919192,t-test,0.46
99,0.999,t-test,0.737
100,0.001,mann-whitney,0.853
101,0.01108080808080808,mann-whitney,0.684
102,0.021161616161616163,mann-whitney,0.575
103,0.031242424242424245,mann-whitney,0.48
104,0.041323232323232324,mann-whitney,0.445
105,0.0514040404040404,mann-whitney,0.385
106,0.06148484848484849,mann-whitney,0.374
107,0.07156565656565657,mann-whitney,0.325
108,0.08164646464646465,mann-whitney,0.305
109,0.09172727272727273,mann-whitney,0.287
110,0.1018080808080808,mann-whitney,0.287
111,0.11188888888888888,mann-whitney,0.274
112,0.12196969696969698,mann-whitney,0.267
113,0.13205050505050506,mann-whitney,0.258
114,0.14213131313131314,mann-whitney,0.27
115,0.15221212121212122,mann-whitney,0.251
116,0.1622929292929293,mann-whitney,0.205
117,0.17237373737373737,mann-whitney,0.222
118,0.18245454545454545,mann-whitney,0.218
119,0.19253535353535353,mann-whitney,0.198
120,0.2026161616161616,mann-whitney,0.225
121,0.2126969696969697,mann-whitney,0.213
122,0.22277777777777777,mann-whitney,0.212
123,0.23285858585858585,mann-whitney,0.217
124,0.24293939393939395,mann-whitney,0.228
125,0.25302020202020203,mann-whitney,0.196
126,0.2631010101010101,mann-whitney,0.196
127,0.2731818181818182,mann-whitney,0.194
128,0.28326262626262627,mann-whitney,0.197
129,0.29334343434343435,mann-whitney,0.214
130,0.30342424242424243,mann-whitney,0.184
131,0.3135050505050505,mann-whitney,0.189
132,0.3235858585858586,mann-whitney,0.19
133,0.33366666666666667,mann-whitney,0.181
134,0.34374747474747475,mann-whitney,0.199
135,0.3538282828282828,mann-whitney,0.214
136,0.3639090909090909,mann-whitney,0.183
137,0.373989898989899,mann-whitney,0.168
138,0.38407070707070706,mann-whitney,0.185
139,0.39415151515151514,mann-whitney,0.182
140,0.4042323232323232,mann-whitney,0.168
141,0.4143131313131313,mann-whitney,0.181
142,0.4243939393939394,mann-whitney,0.199
143,0.43447474747474746,mann-whitney,0.188
144,0.44455555555555554,mann-whitney,0.194
145,0.4546363636363636,mann-whitney,0.183
146,0.4647171717171717,mann-whitney,0.193
147,0.4747979797979798,mann-whitney,0.187
148,0.4848787878787879,mann-whitney,0.186
149,0.494959595959596,mann-whitney,0.184
150,0.5050404040404041,mann-whitney,0.203
151,0.5151212121212121,mann-whitney,0.162
152,0.5252020202020202,mann-whitney,0.198
153,0.5352828282828282,mann-whitney,0.191
154,0.5453636363636364,mann-whitney,0.178
155,0.5554444444444444,mann-whitney,0.177
156,0.5655252525252525,mann-whitney,0.161
157,0.5756060606060606,mann-whitney,0.168
158,0.5856868686868687,mann-whitney,0.163
159,0.5957676767676767,mann-whitney,0.181
160,0.6058484848484849,mann-whitney,0.185
161,0.6159292929292929,mann-whitney,0.195
162,0.626010101010101,mann-whitney,0.179
163,0.636090909090909,mann-whitney,0.198
164,0.6461717171717172,mann-whitney,0.156
165,0.6562525252525253,mann-whitney,0.169
166,0.6663333333333333,mann-whitney,0.172
167,0.6764141414141415,mann-whitney,0.196
168,0.6864949494949495,mann-whitney,0.193
169,0.6965757575757576,mann-whitney,0.195
170,0.7066565656565656,mann-whitney,0.198
171,0.7167373737373738,mann-whitney,0.21
172,0.7268181818181818,mann-whitney,0.209
173,0.7368989898989899,mann-whitney,0.166
174,0.746979797979798,mann-whitney,0.211
175,0.7570606060606061,mann-whitney,0.231
176,0.7671414141414141,mann-whitney,0.202
177,0.7772222222222223,mann-whitney,0.212
178,0.7873030303030303,mann-whitney,0.208
179,0.7973838383838384,mann-whitney,0.227
180,0.8074646464646464,mann-whitney,0.219
181,0.8175454545454546,mann-whitney,0.217
182,0.8276262626262626,mann-whitney,0.21
183,0.8377070707070707,mann-whitney,0.238
184,0.8477878787878788,mann-whitney,0.22
185,0.8578686868686869,mann-whitney,0.242
186,0.8679494949494949,mann-whitney,0.251
187,0.878030303030303,mann-whitney,0.244
188,0.8881111111111111,mann-whitney,0.263
189,0.8981919191919192,mann-whitney,0.275
190,0.9082727272727272,mann-whitney,0.284
191,0.9183535353535354,mann-whitney,0.321
192,0.9284343434343434,mann-whitney,0.325
193,0.9385151515151515,mann-whitney,0.359
194,0.9485959595959595,mann-whitney,0.415
195,0.9586767676767677,mann-whitney,0.43
196,0.9687575757575758,mann-whitney,0.484
197,0.9788383838383838,mann-whitney,0.573
198,0.988919191919192,mann-whitney,0.685
199,0.999,mann-whitney,0.874
200,0.001,fisher,0.371
201,0.01108080808080808,fisher,0.312
202,0.021161616161616163,fisher,0.253
203,0.031242424242424245,fisher,0.22
204,0.041323232323232324,fisher,0.225
205,0.0514040404040404,fisher,0.191
206,0.06148484848484849,fisher,0.193
207,0.07156565656565657,fisher,0.148
208,0.08164646464646465,fisher,0.149
209,0.09172727272727273,fisher,0.129
210,0.1018080808080808,fisher,0.14
211,0.11188888888888888,fisher,0.122
212,0.12196969696969698,fisher,0.121
213,0.13205050505050506,fisher,0.123
214,0.14213131313131314,fisher,0.119
215,0.15221212121212122,fisher,0.124
216,0.1622929292929293,fisher,0.09
217,0.17237373737373737,fisher,0.093
218,0.18245454545454545,fisher,0.107
219,0.19253535353535353,fisher,0.088
220,0.2026161616161616,fisher,0.103
221,0.2126969696969697,fisher,0.102
222,0.22277777777777777,fisher,0.098
223,0.23285858585858585,fisher,0.119
224,0.24293939393939395,fisher,0.11
225,0.25302020202020203,fisher,0.095
226,0.2631010101010101,fisher,0.085
227,0.2731818181818182,fisher,0.089
228,0.28326262626262627,fisher,0.085
229,0.29334343434343435,fisher,0.101
230,0.30342424242424243,fisher,0.086
231,0.3135050505050505,fisher,0.094
232,0.3235858585858586,fisher,0.082
233,0.33366666666666667,fisher,0.082
234,0.34374747474747475,fisher,0.105
235,0.3538282828282828,fisher,0.114
236,0.3639090909090909,fisher,0.088
237,0.373989898989899,fisher,0.087
238,0.38407070707070706,fisher,0.084
239,0.39415151515151514,fisher,0.088
240,0.4042323232323232,fisher,0.083
241,0.4143131313131313,fisher,0.09
242,0.4243939393939394,fisher,0.103
243,0.43447474747474746,fisher,0.095
244,0.44455555555555554,fisher,0.082
245,0.4546363636363636,fisher,0.089
246,0.4647171717171717,fisher,0.088
247,0.4747979797979798,fisher,0.096
248,0.4848787878787879,fisher,0.081
249,0.494959595959596,fisher,0.089
250,0.5050404040404041,fisher,0.098
251,0.5151212121212121,fisher,0.071
252,0.5252020202020202,fisher,0.101
253,0.5352828282828282,fisher,0.093
254,0.5453636363636364,fisher,0.084
255,0.5554444444444444,fisher,0.083
256,0.5655252525252525,fisher,0.084
257,0.5756060606060606,fisher,0.075
258,0.5856868686868687,fisher,0.079
259,0.5957676767676767,fisher,0.098
260,0.6058484848484849,fisher,0.085
261,0.6159292929292929,fisher,0.088
262,0.626010101010101,fisher,0.082
263,0.636090909090909,fisher,0.092
264,0.6461717171717172,fisher,0.069
265,0.6562525252525253,fisher,0.07
266,0.6663333333333333,fisher,0.085
267,0.6764141414141415,fisher,0.087
268,0.6864949494949495,fisher,0.092
269,0.6965757575757576,fisher,0.101
270,0.7066565656565656,fisher,0.086
271,0.7167373737373738,fisher,0.094
272,0.7268181818181818,fisher,0.092
273,0.7368989898989899,fisher,0.077
274,0.746979797979798,fisher,0.094
275,0.7570606060606061,fisher,0.104
276,0.7671414141414141,fisher,0.095
277,0.7772222222222223,fisher,0.086
278,0.7873030303030303,fisher,0.101
279,0.7973838383838384,fisher,0.106
280,0.8074646464646464,fisher,0.11
281,0.8175454545454546,fisher,0.102
282,0.8276262626262626,fisher,0.105
283,0.8377070707070707,fisher,0.088
284,0.8477878787878788,fisher,0.099
285,0.8578686868686869,fisher,0.101
286,0.8679494949494949,fisher,0.122
287,0.878030303030303,fisher,0.119
288,0.8881111111111111,fisher,0.128
289,0.8981919191919192,fisher,0.141
290,0.9082727272727272,fisher,0.135
291,0.9183535353535354,fisher,0.15
292,0.9284343434343434,fisher,0.163
293,0.9385151515151515,fisher,0.179
294,0.9485959595959595,fisher,0.208
295,0.9586767676767677,fisher,0.216
296,0.9687575757575758,fisher,0.226
297,0.9788383838383838,fisher,0.265
298,0.988919191919192,fisher,0.301
299,0.999,fisher,0.368
