,$p_{ij}$,test,power
0,0.001,t-test,0.712
1,0.01108080808080808,t-test,0.466
2,0.021161616161616163,t-test,0.363
3,0.031242424242424245,t-test,0.334
4,0.041323232323232324,t-test,0.304
5,0.0514040404040404,t-test,0.279
6,0.06148484848484849,t-test,0.252
7,0.07156565656565657,t-test,0.202
8,0.08164646464646465,t-test,0.187
9,0.09172727272727273,t-test,0.199
10,0.1018080808080808,t-test,0.199
11,0.11188888888888888,t-test,0.184
12,0.12196969696969698,t-test,0.169
13,0.13205050505050506,t-test,0.163
14,0.14213131313131314,t-test,0.153
15,0.15221212121212122,t-test,0.171
16,0.1622929292929293,t-test,0.152
17,0.17237373737373737,t-test,0.159
18,0.18245454545454545,t-test,0.157
19,0.19253535353535353,t-test,0.158
20,0.2026161616161616,t-test,0.139
21,0.2126969696969697,t-test,0.098
22,0.22277777777777777,t-test,0.127
23,0.23285858585858585,t-test,0.132
24,0.24293939393939395,t-test,0.129
25,0.25302020202020203,t-test,0.117
26,0.2631010101010101,t-test,0.121
27,0.2731818181818182,t-test,0.112
28,0.28326262626262627,t-test,0.118
29,0.29334343434343435,t-test,0.116
30,0.30342424242424243,t-test,0.119
31,0.3135050505050505,t-test,0.107
32,0.3235858585858586,t-test,0.08
33,0.33366666666666667,t-test,0.107
34,0.34374747474747475,t-test,0.11
35,0.3538282828282828,t-test,0.116
36,0.3639090909090909,t-test,0.113
37,0.373989898989899,t-test,0.098
38,0.38407070707070706,t-test,0.117
39,0.39415151515151514,t-test,0.132
40,0.4042323232323232,t-test,0.11
41,0.4143131313131313,t-test,0.11
42,0.4243939393939394,t-test,0.113
43,0.43447474747474746,t-test,0.13
44,0.44455555555555554,t-test,0.125
45,0.4546363636363636,t-test,0.116
46,0.4647171717171717,t-test,0.102
47,0.4747979797979798,t-test,0.098
48,0.4848787878787879,t-test,0.116
49,0.494959595959596,t-test,0.126
50,0.5050404040404041,t-test,0.108
51,0.5151212121212121,t-test,0.111
52,0.5252020202020202,t-test,0.121
53,0.5352828282828282,t-test,0.111
54,0.5453636363636364,t-test,0.121
55,0.5554444444444444,t-test,0.139
56,0.5655252525252525,t-test,0.114
57,0.5756060606060606,t-test,0.124
58,0.5856868686868687,t-test,0.115
59,0.5957676767676767,t-test,0.133
60,0.6058484848484849,t-test,0.118
61,0.6159292929292929,t-test,0.117
62,0.626010101010101,t-test,0.102
63,0.636090909090909,t-test,0.123
64,0.6461717171717172,t-test,0.126
65,0.6562525252525253,t-test,0.122
66,0.6663333333333333,t-test,0.105
67,0.6764141414141415,t-test,0.1
68,0.6864949494949495,t-test,0.115
69,0.6965757575757576,t-test,0.137
70,0.7066565656565656,t-test,0.125
71,0.7167373737373738,t-test,0.118
72,0.7268181818181818,t-test,0.111
73,0.7368989898989899,t-test,0.113
74,0.746979797979798,t-test,0.111
75,0.7570606060606061,t-test,0.122
76,0.7671414141414141,t-test,0.125
77,0.7772222222222223,t-test,0.138
78,0.7873030303030303,t-test,0.126
79,0.7973838383838384,t-test,0.131
80,0.8074646464646464,t-test,0.133
81,0.8175454545454546,t-test,0.121
82,0.8276262626262626,t-test,0.166
83,0.8377070707070707,t-test,0.181
84,0.8477878787878788,t-test,0.142
85,0.8578686868686869,t-test,0.165
86,0.8679494949494949,t-test,0.168
87,0.878030303030303,t-test,0.17
88,0.8881111111111111,t-test,0.169
89,0.8981919191919192,t-test,0.191
90,0.9082727272727272,t-test,0.197
91,0.9183535353535354,t-test,0.21
92,0.9284343434343434,t-test,0.243
93,0.9385151515151515,t-test,0.251
94,0.9485959595959595,t-test,0.246
95,0.9586767676767677,t-test,0.301
96,0.9687575757575758,t-test,0.303
97,0.9788383838383838,t-test,0.38
98,0.988919191919192,t-test,0.455
99,0.999,t-test,0.695
100,0.001,mann-whitney,0.863
101,0.01108080808080808,mann-whitney,0.685
102,0.021161616161616163,mann-whitney,0.566
103,0.031242424242424245,mann-whitney,0.481
104,0.041323232323232324,mann-whitney,0.451
105,0.0514040404040404,mann-whitney,0.418
106,0.06148484848484849,mann-whitney,0.366
107,0.07156565656565657,mann-whitney,0.313
108,0.08164646464646465,mann-whitney,0.294
109,0.09172727272727273,mann-whitney,0.291
110,0.1018080808080808,mann-whitney,0.289
111,0.11188888888888888,mann-whitney,0.275
112,0.12196969696969698,mann-whitney,0.253
113,0.13205050505050506,mann-whitney,0.251
114,0.14213131313131314,mann-whitney,0.232
115,0.15221212121212122,mann-whitney,0.259
116,0.1622929292929293,mann-whitney,0.226
117,0.17237373737373737,mann-whitney,0.244
118,0.18245454545454545,mann-whitney,0.231
119,0.19253535353535353,mann-whitney,0.243
120,0.2026161616161616,mann-whitney,0.232
121,0.2126969696969697,mann-whitney,0.181
122,0.22277777777777777,mann-whitney,0.215
123,0.23285858585858585,mann-whitney,0.226
124,0.24293939393939395,mann-whitney,0.199
125,0.25302020202020203,mann-whitney,0.205
126,0.2631010101010101,mann-whitney,0.191
127,0.2731818181818182,mann-whitney,0.199
128,0.28326262626262627,mann-whitney,0.216
129,0.29334343434343435,mann-whitney,0.202
130,0.30342424242424243,mann-whitney,0.183
131,0.3135050505050505,mann-whitney,0.174
132,0.3235858585858586,mann-whitney,0.159
133,0.33366666666666667,mann-whitney,0.187
134,0.34374747474747475,mann-whitney,0.18
135,0.3538282828282828,mann-whitney,0.189
136,0.3639090909090909,mann-whitney,0.191
137,0.373989898989899,mann-whitney,0.168
138,0.38407070707070706,mann-whitney,0.197
139,0.39415151515151514,mann-whitney,0.186
140,0.4042323232323232,mann-whitney,0.182
141,0.4143131313131313,mann-whitney,0.164
142,0.4243939393939394,mann-whitney,0.172
143,0.43447474747474746,mann-whitney,0.194
144,0.44455555555555554,mann-whitney,0.198
145,0.4546363636363636,mann-whitney,0.178
146,0.4647171717171717,mann-whitney,0.179
147,0.4747979797979798,mann-whitney,0.172
148,0.4848787878787879,mann-whitney,0.182
149,0.494959595959596,mann-whitney,0.189
150,0.5050404040404041,mann-whitney,0.174
151,0.5151212121212121,mann-whitney,0.191
152,0.5252020202020202,mann-whitney,0.197
153,0.5352828282828282,mann-whitney,0.197
154,0.5453636363636364,mann-whitney,0.181
155,0.5554444444444444,mann-whitney,0.219
156,0.5655252525252525,mann-whitney,0.173
157,0.5756060606060606,mann-whitney,0.185
158,0.5856868686868687,mann-whitney,0.192
159,0.5957676767676767,mann-whitney,0.197
160,0.6058484848484849,mann-whitney,0.196
161,0.6159292929292929,mann-whitney,0.177
162,0.626010101010101,mann-whitney,0.169
163,0.636090909090909,mann-whitney,0.186
164,0.6461717171717172,mann-whitney,0.205
165,0.6562525252525253,mann-whitney,0.196
166,0.6663333333333333,mann-whitney,0.185
167,0.6764141414141415,mann-whitney,0.192
168,0.6864949494949495,mann-whitney,0.198
169,0.6965757575757576,mann-whitney,0.206
170,0.7066565656565656,mann-whitney,0.2
171,0.7167373737373738,mann-whitney,0.206
172,0.7268181818181818,mann-whitney,0.176
173,0.7368989898989899,mann-whitney,0.178
174,0.746979797979798,mann-whitney,0.2
175,0.7570606060606061,mann-whitney,0.196
176,0.7671414141414141,mann-whitney,0.205
177,0.7772222222222223,mann-whitney,0.219
178,0.7873030303030303,mann-whitney,0.222
179,0.7973838383838384,mann-whitney,0.202
180,0.8074646464646464,mann-whitney,0.216
181,0.8175454545454546,mann-whitney,0.22
182,0.8276262626262626,mann-whitney,0.245
183,0.8377070707070707,mann-whitney,0.262
184,0.8477878787878788,mann-whitney,0.23
185,0.8578686868686869,mann-whitney,0.235
186,0.8679494949494949,mann-whitney,0.26
187,0.878030303030303,mann-whitney,0.262
188,0.8881111111111111,mann-whitney,0.237
189,0.8981919191919192,mann-whitney,0.283
190,0.9082727272727272,mann-whitney,0.296
191,0.9183535353535354,mann-whitney,0.322
192,0.9284343434343434,mann-whitney,0.344
193,0.9385151515151515,mann-whitney,0.342
194,0.9485959595959595,mann-whitney,0.38
195,0.9586767676767677,mann-whitney,0.446
196,0.9687575757575758,mann-whitney,0.467
197,0.9788383838383838,mann-whitney,0.591
198,0.988919191919192,mann-whitney,0.653
199,0.999,mann-whitney,0.851
