,$p_{ij}$,test,power
0,0.001,t-test,0.001
1,0.01108080808080808,t-test,0.002
2,0.021161616161616163,t-test,0.0
3,0.031242424242424245,t-test,0.004
4,0.041323232323232324,t-test,0.007
5,0.0514040404040404,t-test,0.01
6,0.06148484848484849,t-test,0.009
7,0.07156565656565657,t-test,0.017
8,0.08164646464646465,t-test,0.02
9,0.09172727272727273,t-test,0.031
10,0.1018080808080808,t-test,0.025
11,0.11188888888888888,t-test,0.024
12,0.12196969696969698,t-test,0.032
13,0.13205050505050506,t-test,0.024
14,0.14213131313131314,t-test,0.028
15,0.15221212121212122,t-test,0.044
16,0.1622929292929293,t-test,0.027
17,0.17237373737373737,t-test,0.028
18,0.18245454545454545,t-test,0.033
19,0.19253535353535353,t-test,0.031
20,0.2026161616161616,t-test,0.037
21,0.2126969696969697,t-test,0.036
22,0.22277777777777777,t-test,0.028
23,0.23285858585858585,t-test,0.039
24,0.24293939393939395,t-test,0.046
25,0.25302020202020203,t-test,0.042
26,0.2631010101010101,t-test,0.032
27,0.2731818181818182,t-test,0.044
28,0.28326262626262627,t-test,0.041
29,0.29334343434343435,t-test,0.04
30,0.30342424242424243,t-test,0.039
31,0.3135050505050505,t-test,0.045
32,0.3235858585858586,t-test,0.044
33,0.33366666666666667,t-test,0.041
34,0.34374747474747475,t-test,0.024
35,0.3538282828282828,t-test,0.048
36,0.3639090909090909,t-test,0.052
37,0.373989898989899,t-test,0.039
38,0.38407070707070706,t-test,0.045
39,0.39415151515151514,t-test,0.044
40,0.4042323232323232,t-test,0.06
41,0.4143131313131313,t-test,0.051
42,0.4243939393939394,t-test,0.046
43,0.43447474747474746,t-test,0.042
44,0.44455555555555554,t-test,0.056
45,0.4546363636363636,t-test,0.044
46,0.4647171717171717,t-test,0.047
47,0.4747979797979798,t-test,0.051
48,0.4848787878787879,t-test,0.039
49,0.494959595959596,t-test,0.048
50,0.5050404040404041,t-test,0.044
51,0.5151212121212121,t-test,0.04
52,0.5252020202020202,t-test,0.041
53,0.5352828282828282,t-test,0.054
54,0.5453636363636364,t-test,0.049
55,0.5554444444444444,t-test,0.051
56,0.5655252525252525,t-test,0.05
57,0.5756060606060606,t-test,0.051
58,0.5856868686868687,t-test,0.045
59,0.5957676767676767,t-test,0.037
60,0.6058484848484849,t-test,0.05
61,0.6159292929292929,t-test,0.039
62,0.626010101010101,t-test,0.041
63,0.636090909090909,t-test,0.028
64,0.6461717171717172,t-test,0.035
65,0.6562525252525253,t-test,0.044
66,0.6663333333333333,t-test,0.047
67,0.6764141414141415,t-test,0.04
68,0.6864949494949495,t-test,0.055
69,0.6965757575757576,t-test,0.031
70,0.7066565656565656,t-test,0.052
71,0.7167373737373738,t-test,0.045
72,0.7268181818181818,t-test,0.046
73,0.7368989898989899,t-test,0.044
74,0.746979797979798,t-test,0.041
75,0.7570606060606061,t-test,0.047
76,0.7671414141414141,t-test,0.049
77,0.7772222222222223,t-test,0.034
78,0.7873030303030303,t-test,0.03
79,0.7973838383838384,t-test,0.028
80,0.8074646464646464,t-test,0.03
81,0.8175454545454546,t-test,0.036
82,0.8276262626262626,t-test,0.032
83,0.8377070707070707,t-test,0.032
84,0.8477878787878788,t-test,0.043
85,0.8578686868686869,t-test,0.022
86,0.8679494949494949,t-test,0.033
87,0.878030303030303,t-test,0.018
88,0.8881111111111111,t-test,0.027
89,0.8981919191919192,t-test,0.019
90,0.9082727272727272,t-test,0.013
91,0.9183535353535354,t-test,0.014
92,0.9284343434343434,t-test,0.011
93,0.9385151515151515,t-test,0.008
94,0.9485959595959595,t-test,0.007
95,0.9586767676767677,t-test,0.01
96,0.9687575757575758,t-test,0.002
97,0.9788383838383838,t-test,0.0
98,0.988919191919192,t-test,0.001
99,0.999,t-test,0.0
100,0.001,mann-whitney,0.008
101,0.01108080808080808,mann-whitney,0.015
102,0.021161616161616163,mann-whitney,0.017
103,0.031242424242424245,mann-whitney,0.026
104,0.041323232323232324,mann-whitney,0.041
105,0.0514040404040404,mann-whitney,0.051
106,0.06148484848484849,mann-whitney,0.058
107,0.07156565656565657,mann-whitney,0.056
108,0.08164646464646465,mann-whitney,0.064
109,0.09172727272727273,mann-whitney,0.087
110,0.1018080808080808,mann-whitney,0.08
111,0.11188888888888888,mann-whitney,0.089
112,0.12196969696969698,mann-whitney,0.094
113,0.13205050505050506,mann-whitney,0.098
114,0.14213131313131314,mann-whitney,0.094
115,0.15221212121212122,mann-whitney,0.107
116,0.1622929292929293,mann-whitney,0.099
117,0.17237373737373737,mann-whitney,0.097
118,0.18245454545454545,mann-whitney,0.1
119,0.19253535353535353,mann-whitney,0.094
120,0.2026161616161616,mann-whitney,0.097
121,0.2126969696969697,mann-whitney,0.111
122,0.22277777777777777,mann-whitney,0.113
123,0.23285858585858585,mann-whitney,0.103
124,0.24293939393939395,mann-whitney,0.103
125,0.25302020202020203,mann-whitney,0.094
126,0.2631010101010101,mann-whitney,0.086
127,0.2731818181818182,mann-whitney,0.102
128,0.28326262626262627,mann-whitney,0.119
129,0.29334343434343435,mann-whitney,0.114
130,0.30342424242424243,mann-whitney,0.117
131,0.3135050505050505,mann-whitney,0.113
132,0.3235858585858586,mann-whitney,0.1
133,0.33366666666666667,mann-whitney,0.109
134,0.34374747474747475,mann-whitney,0.093
135,0.3538282828282828,mann-whitney,0.12
136,0.3639090909090909,mann-whitney,0.127
137,0.373989898989899,mann-whitney,0.111
138,0.38407070707070706,mann-whitney,0.107
139,0.39415151515151514,mann-whitney,0.112
140,0.4042323232323232,mann-whitney,0.131
141,0.4143131313131313,mann-whitney,0.13
142,0.4243939393939394,mann-whitney,0.122
143,0.43447474747474746,mann-whitney,0.105
144,0.44455555555555554,mann-whitney,0.119
145,0.4546363636363636,mann-whitney,0.134
146,0.4647171717171717,mann-whitney,0.121
147,0.4747979797979798,mann-whitney,0.126
148,0.4848787878787879,mann-whitney,0.106
149,0.494959595959596,mann-whitney,0.126
150,0.5050404040404041,mann-whitney,0.124
151,0.5151212121212121,mann-whitney,0.123
152,0.5252020202020202,mann-whitney,0.121
153,0.5352828282828282,mann-whitney,0.134
154,0.5453636363636364,mann-whitney,0.118
155,0.5554444444444444,mann-whitney,0.125
156,0.5655252525252525,mann-whitney,0.136
157,0.5756060606060606,mann-whitney,0.131
158,0.5856868686868687,mann-whitney,0.122
159,0.5957676767676767,mann-whitney,0.112
160,0.6058484848484849,mann-whitney,0.125
161,0.6159292929292929,mann-whitney,0.109
162,0.626010101010101,mann-whitney,0.125
163,0.636090909090909,mann-whitney,0.099
164,0.6461717171717172,mann-whitney,0.11
165,0.6562525252525253,mann-whitney,0.117
166,0.6663333333333333,mann-whitney,0.113
167,0.6764141414141415,mann-whitney,0.116
168,0.6864949494949495,mann-whitney,0.122
169,0.6965757575757576,mann-whitney,0.106
170,0.7066565656565656,mann-whitney,0.121
171,0.7167373737373738,mann-whitney,0.11
172,0.7268181818181818,mann-whitney,0.116
173,0.7368989898989899,mann-whitney,0.112
174,0.746979797979798,mann-whitney,0.111
175,0.7570606060606061,mann-whitney,0.106
176,0.7671414141414141,mann-whitney,0.118
177,0.7772222222222223,mann-whitney,0.092
178,0.7873030303030303,mann-whitney,0.1
179,0.7973838383838384,mann-whitney,0.097
180,0.8074646464646464,mann-whitney,0.096
181,0.8175454545454546,mann-whitney,0.109
182,0.8276262626262626,mann-whitney,0.092
183,0.8377070707070707,mann-whitney,0.105
184,0.8477878787878788,mann-whitney,0.108
185,0.8578686868686869,mann-whitney,0.089
186,0.8679494949494949,mann-whitney,0.117
187,0.878030303030303,mann-whitney,0.082
188,0.8881111111111111,mann-whitney,0.088
189,0.8981919191919192,mann-whitney,0.077
190,0.9082727272727272,mann-whitney,0.08
191,0.9183535353535354,mann-whitney,0.07
192,0.9284343434343434,mann-whitney,0.055
193,0.9385151515151515,mann-whitney,0.038
194,0.9485959595959595,mann-whitney,0.044
195,0.9586767676767677,mann-whitney,0.038
196,0.9687575757575758,mann-whitney,0.039
197,0.9788383838383838,mann-whitney,0.024
198,0.988919191919192,mann-whitney,0.016
199,0.999,mann-whitney,0.006
