,$p_{ij}$,test,power
0,0.001,t-test,0.0
1,0.01108080808080808,t-test,0.003
2,0.021161616161616163,t-test,0.003
3,0.031242424242424245,t-test,0.007
4,0.041323232323232324,t-test,0.008
5,0.0514040404040404,t-test,0.01
6,0.06148484848484849,t-test,0.012
7,0.07156565656565657,t-test,0.015
8,0.08164646464646465,t-test,0.018
9,0.09172727272727273,t-test,0.011
10,0.1018080808080808,t-test,0.024
11,0.11188888888888888,t-test,0.019
12,0.12196969696969698,t-test,0.02
13,0.13205050505050506,t-test,0.028
14,0.14213131313131314,t-test,0.028
15,0.15221212121212122,t-test,0.033
16,0.1622929292929293,t-test,0.043
17,0.17237373737373737,t-test,0.031
18,0.18245454545454545,t-test,0.029
19,0.19253535353535353,t-test,0.044
20,0.2026161616161616,t-test,0.034
21,0.2126969696969697,t-test,0.054
22,0.22277777777777777,t-test,0.042
23,0.23285858585858585,t-test,0.042
24,0.24293939393939395,t-test,0.039
25,0.25302020202020203,t-test,0.039
26,0.2631010101010101,t-test,0.039
27,0.2731818181818182,t-test,0.042
28,0.28326262626262627,t-test,0.045
29,0.29334343434343435,t-test,0.039
30,0.30342424242424243,t-test,0.041
31,0.3135050505050505,t-test,0.043
32,0.3235858585858586,t-test,0.045
33,0.33366666666666667,t-test,0.049
34,0.34374747474747475,t-test,0.061
35,0.3538282828282828,t-test,0.032
36,0.3639090909090909,t-test,0.045
37,0.373989898989899,t-test,0.045
38,0.38407070707070706,t-test,0.045
39,0.39415151515151514,t-test,0.047
40,0.4042323232323232,t-test,0.061
41,0.4143131313131313,t-test,0.045
42,0.4243939393939394,t-test,0.046
43,0.43447474747474746,t-test,0.056
44,0.44455555555555554,t-test,0.044
45,0.4546363636363636,t-test,0.052
46,0.4647171717171717,t-test,0.05
47,0.4747979797979798,t-test,0.052
48,0.4848787878787879,t-test,0.05
49,0.494959595959596,t-test,0.038
50,0.5050404040404041,t-test,0.054
51,0.5151212121212121,t-test,0.048
52,0.5252020202020202,t-test,0.062
53,0.5352828282828282,t-test,0.054
54,0.5453636363636364,t-test,0.052
55,0.5554444444444444,t-test,0.036
56,0.5655252525252525,t-test,0.041
57,0.5756060606060606,t-test,0.044
58,0.5856868686868687,t-test,0.048
59,0.5957676767676767,t-test,0.047
60,0.6058484848484849,t-test,0.051
61,0.6159292929292929,t-test,0.038
62,0.626010101010101,t-test,0.043
63,0.636090909090909,t-test,0.045
64,0.6461717171717172,t-test,0.045
65,0.6562525252525253,t-test,0.055
66,0.6663333333333333,t-test,0.044
67,0.6764141414141415,t-test,0.057
68,0.6864949494949495,t-test,0.029
69,0.6965757575757576,t-test,0.032
70,0.7066565656565656,t-test,0.04
71,0.7167373737373738,t-test,0.05
72,0.7268181818181818,t-test,0.034
73,0.7368989898989899,t-test,0.04
74,0.746979797979798,t-test,0.049
75,0.7570606060606061,t-test,0.034
76,0.7671414141414141,t-test,0.043
77,0.7772222222222223,t-test,0.036
78,0.7873030303030303,t-test,0.035
79,0.7973838383838384,t-test,0.04
80,0.8074646464646464,t-test,0.034
81,0.8175454545454546,t-test,0.037
82,0.8276262626262626,t-test,0.023
83,0.8377070707070707,t-test,0.04
84,0.8477878787878788,t-test,0.026
85,0.8578686868686869,t-test,0.037
86,0.8679494949494949,t-test,0.034
87,0.878030303030303,t-test,0.029
88,0.8881111111111111,t-test,0.029
89,0.8981919191919192,t-test,0.018
90,0.9082727272727272,t-test,0.024
91,0.9183535353535354,t-test,0.018
92,0.9284343434343434,t-test,0.016
93,0.9385151515151515,t-test,0.015
94,0.9485959595959595,t-test,0.005
95,0.9586767676767677,t-test,0.009
96,0.9687575757575758,t-test,0.001
97,0.9788383838383838,t-test,0.002
98,0.988919191919192,t-test,0.001
99,0.999,t-test,0.001
100,0.001,wilcoxon,0.0
101,0.01108080808080808,wilcoxon,0.003
102,0.021161616161616163,wilcoxon,0.003
103,0.031242424242424245,wilcoxon,0.007
104,0.041323232323232324,wilcoxon,0.008
105,0.0514040404040404,wilcoxon,0.01
106,0.06148484848484849,wilcoxon,0.012
107,0.07156565656565657,wilcoxon,0.018
108,0.08164646464646465,wilcoxon,0.016
109,0.09172727272727273,wilcoxon,0.013
110,0.1018080808080808,wilcoxon,0.027
111,0.11188888888888888,wilcoxon,0.021
112,0.12196969696969698,wilcoxon,0.022
113,0.13205050505050506,wilcoxon,0.031
114,0.14213131313131314,wilcoxon,0.035
115,0.15221212121212122,wilcoxon,0.036
116,0.1622929292929293,wilcoxon,0.046
117,0.17237373737373737,wilcoxon,0.04
118,0.18245454545454545,wilcoxon,0.034
119,0.19253535353535353,wilcoxon,0.059
120,0.2026161616161616,wilcoxon,0.044
121,0.2126969696969697,wilcoxon,0.064
122,0.22277777777777777,wilcoxon,0.05
123,0.23285858585858585,wilcoxon,0.065
124,0.24293939393939395,wilcoxon,0.054
125,0.25302020202020203,wilcoxon,0.049
126,0.2631010101010101,wilcoxon,0.055
127,0.2731818181818182,wilcoxon,0.061
128,0.28326262626262627,wilcoxon,0.057
129,0.29334343434343435,wilcoxon,0.056
130,0.30342424242424243,wilcoxon,0.057
131,0.3135050505050505,wilcoxon,0.067
132,0.3235858585858586,wilcoxon,0.058
133,0.33366666666666667,wilcoxon,0.049
134,0.34374747474747475,wilcoxon,0.07
135,0.3538282828282828,wilcoxon,0.047
136,0.3639090909090909,wilcoxon,0.06
137,0.373989898989899,wilcoxon,0.061
138,0.38407070707070706,wilcoxon,0.062
139,0.39415151515151514,wilcoxon,0.057
140,0.4042323232323232,wilcoxon,0.065
141,0.4143131313131313,wilcoxon,0.054
142,0.4243939393939394,wilcoxon,0.057
143,0.43447474747474746,wilcoxon,0.063
144,0.44455555555555554,wilcoxon,0.05
145,0.4546363636363636,wilcoxon,0.072
146,0.4647171717171717,wilcoxon,0.055
147,0.4747979797979798,wilcoxon,0.063
148,0.4848787878787879,wilcoxon,0.056
149,0.494959595959596,wilcoxon,0.053
150,0.5050404040404041,wilcoxon,0.062
151,0.5151212121212121,wilcoxon,0.06
152,0.5252020202020202,wilcoxon,0.067
153,0.5352828282828282,wilcoxon,0.059
154,0.5453636363636364,wilcoxon,0.058
155,0.5554444444444444,wilcoxon,0.051
156,0.5655252525252525,wilcoxon,0.054
157,0.5756060606060606,wilcoxon,0.06
158,0.5856868686868687,wilcoxon,0.051
159,0.5957676767676767,wilcoxon,0.051
160,0.6058484848484849,wilcoxon,0.073
161,0.6159292929292929,wilcoxon,0.061
162,0.626010101010101,wilcoxon,0.055
163,0.636090909090909,wilcoxon,0.062
164,0.6461717171717172,wilcoxon,0.063
165,0.6562525252525253,wilcoxon,0.062
166,0.6663333333333333,wilcoxon,0.057
167,0.6764141414141415,wilcoxon,0.066
168,0.6864949494949495,wilcoxon,0.051
169,0.6965757575757576,wilcoxon,0.06
170,0.7066565656565656,wilcoxon,0.063
171,0.7167373737373738,wilcoxon,0.073
172,0.7268181818181818,wilcoxon,0.042
173,0.7368989898989899,wilcoxon,0.05
174,0.746979797979798,wilcoxon,0.052
175,0.7570606060606061,wilcoxon,0.048
176,0.7671414141414141,wilcoxon,0.054
177,0.7772222222222223,wilcoxon,0.049
178,0.7873030303030303,wilcoxon,0.044
179,0.7973838383838384,wilcoxon,0.055
180,0.8074646464646464,wilcoxon,0.044
181,0.8175454545454546,wilcoxon,0.042
182,0.8276262626262626,wilcoxon,0.029
183,0.8377070707070707,wilcoxon,0.044
184,0.8477878787878788,wilcoxon,0.029
185,0.8578686868686869,wilcoxon,0.041
186,0.8679494949494949,wilcoxon,0.033
187,0.878030303030303,wilcoxon,0.036
188,0.8881111111111111,wilcoxon,0.029
189,0.8981919191919192,wilcoxon,0.018
190,0.9082727272727272,wilcoxon,0.026
191,0.9183535353535354,wilcoxon,0.018
192,0.9284343434343434,wilcoxon,0.017
193,0.9385151515151515,wilcoxon,0.017
194,0.9485959595959595,wilcoxon,0.005
195,0.9586767676767677,wilcoxon,0.009
196,0.9687575757575758,wilcoxon,0.001
197,0.9788383838383838,wilcoxon,0.002
198,0.988919191919192,wilcoxon,0.001
199,0.999,wilcoxon,0.001
